Матрица A: 
-55.2996 52.62 37.8463 -21.3452 -46.1793 37.5708 
-67.4451 69.7085 -42.4118 -89.9594 -89.1904 79.4145 
24.3861 13.978 49.5408 41.6212 44.336 57.569 
36.1928 26.7547 75.4703 -30.1004 -41.0554 -36.5031 
57.1864 -96.1062 -77.9093 -10.1555 -14.7167 -66.4334 
-90.9371 -54.8577 -0.784037 -55.1998 -0.0753954 50.9528 
Матрица В: 
-55.2996 52.62 37.8463 -21.3452 -46.1793 37.5708 
52.62 69.7085 -42.4118 -89.9594 -89.1904 79.4145 
37.8463 -42.4118 49.5408 41.6212 44.336 57.569 
-21.3452 -89.9594 41.6212 -30.1004 -41.0554 -36.5031 
-46.1793 -89.1904 44.336 -41.0554 -14.7167 -66.4334 
37.5708 79.4145 57.569 -36.5031 -66.4334 50.9528 
Матрица C: 
55.2996 -52.62 -37.8463 21.3452 46.1793 -37.5708 
-67.4451 -69.7085 42.4118 89.9594 89.1904 -79.4145 
24.3861 13.978 -49.5408 -41.6212 -44.336 -57.569 
36.1928 26.7547 75.4703 30.1004 41.0554 36.5031 
57.1864 -96.1062 -77.9093 -10.1555 14.7167 66.4334 
-90.9371 -54.8577 -0.784037 -55.1998 -0.0753954 -50.9528 
